1.0000000000000000 137.6266469978637303 137.0306296226686698
2.0000000000000000 110.0890495848398700 109.6102423498580691
3.0000000000000000 88.0609628165538538 87.6768790213989888
4.0000000000000000 70.4402143583031375 70.1325319165743082
5.0000000000000000 56.3450859831825710 56.0989167622156657
6.0000000000000000 45.0702278688678462 44.8735037717383349
7.0000000000000000 36.0513866705369992 35.8943472120171876
8.0000000000000000 28.8371858857303778 28.7119528939436428
9.0000000000000000 23.0665489182784995 22.9667752670558123
10.0000000000000000 18.4506368805596139 18.3712175983121604
