TASMANIAN SG 4.0
WARNING: do not edit this manually
localpolynomial
2 1 1 1
localp
1 2 5 0 0 0 1 0 2 1 0 2 0
1  -2.45568687877587024e+02 -2.03177880581813497e+00 6.18719760495537230e-01 -2.03177880602075334e+00 6.18719760505882732e-01
0
0
1 0
0 4 4 4 4 4
3 4 1 2
1 5 1 -2.45568687877587024e+02 -2.47600466683405159e+02 -2.44949968117091487e+02 -2.47600466683607777e+02 -2.44949968117081141e+02
custom
2.00000000000000011e-01 3.00000000000000000e+00
2.00000000000000011e-01 3.00000000000000000e+00
TASMANIAN SG end
