TASMANIAN SG 4.0
WARNING: do not edit this manually
localpolynomial
2 1 1 1
localp
1 2 5 0 0 0 1 0 2 1 0 2 0
1  -4.03674274647012794e+02 -1.23613423481890550e+00 4.13803070045503318e-01 -1.23613423494214203e+00 4.13803070056928846e-01
0
0
1 0
0 4 4 4 4 4
3 4 1 2
1 5 1 -4.03674274647012794e+02 -4.04910408881831700e+02 -4.03260471576967291e+02 -4.04910408881954936e+02 -4.03260471576955865e+02
custom
2.00000000000000011e-01 3.00000000000000000e+00
2.00000000000000011e-01 3.00000000000000000e+00
TASMANIAN SG end
