TASMANIAN SG 4.0
WARNING: do not edit this manually
localpolynomial
2 1 1 1
localp
1 2 5 0 0 0 1 0 2 1 0 2 0
1  -3.33413639095160875e+02 -1.58478747379609786e+00 5.06825282383431386e-01 -1.58478747395412256e+00 5.06825282394800070e-01
0
0
1 0
0 4 4 4 4 4
3 4 1 2
1 5 1 -3.33413639095160875e+02 -3.34998426568956972e+02 -3.32906813812777443e+02 -3.34998426569114997e+02 -3.32906813812766075e+02
custom
2.00000000000000011e-01 3.00000000000000000e+00
2.00000000000000011e-01 3.00000000000000000e+00
TASMANIAN SG end
