TASMANIAN SG 4.0
WARNING: do not edit this manually
localpolynomial
2 1 1 1
localp
1 2 5 0 0 0 1 0 2 1 0 2 0
1  -5.69524989742965431e+02 -4.57555794306813368e-01 1.79059344563825107e-01 -4.57555794352288103e-01 1.79059344571328438e-01
0
0
1 0
0 4 4 4 4 4
3 4 1 2
1 5 1 -5.69524989742965431e+02 -5.69982545537272244e+02 -5.69345930398401606e+02 -5.69982545537317719e+02 -5.69345930398394103e+02
custom
2.00000000000000011e-01 3.00000000000000000e+00
2.00000000000000011e-01 3.00000000000000000e+00
TASMANIAN SG end
