TASMANIAN SG 4.0
WARNING: do not edit this manually
localpolynomial
2 1 1 1
localp
1 2 5 0 0 0 1 0 2 1 0 2 0
1  -4.59870829259172808e+02 -9.64184708416723879e-01 3.36863496790272166e-01 -9.64184708512846100e-01 3.36863496801072415e-01
0
0
1 0
0 4 4 4 4 4
3 4 1 2
1 5 1 -4.59870829259172808e+02 -4.60835013967589532e+02 -4.59533965762382536e+02 -4.60835013967685654e+02 -4.59533965762371736e+02
custom
2.00000000000000011e-01 3.00000000000000000e+00
2.00000000000000011e-01 3.00000000000000000e+00
TASMANIAN SG end
