TASMANIAN SG 4.0
WARNING: do not edit this manually
localpolynomial
2 1 1 1
localp
1 2 5 0 0 0 1 0 2 1 0 2 0
1  1.58198450061293761e+00 -3.33954437287793926e+00 9.11403527398483515e-01 -3.33954437321097330e+00 9.11403527401092983e-01
0
0
1 0
0 4 4 4 4 4
3 4 1 2
1 5 1 1.58198450061293761e+00 -1.75755987226500188e+00 2.49338802801142112e+00 -1.75755987259803592e+00 2.49338802801403059e+00
custom
2.00000000000000011e-01 3.00000000000000000e+00
2.00000000000000011e-01 3.00000000000000000e+00
TASMANIAN SG end
