TASMANIAN SG 4.0
WARNING: do not edit this manually
localpolynomial
2 1 1 1
localp
1 2 5 0 0 0 1 0 2 1 0 2 0
1  -1.35737938884133939e+02 -2.60484461610275275e+00 7.52520028656618933e-01 -2.60484461636252718e+00 7.52520028664321217e-01
0
0
1 0
0 4 4 4 4 4
3 4 1 2
1 5 1 -1.35737938884133939e+02 -1.38342783500236692e+02 -1.34985418855477320e+02 -1.38342783500496466e+02 -1.34985418855469618e+02
custom
2.00000000000000011e-01 3.00000000000000000e+00
2.00000000000000011e-01 3.00000000000000000e+00
TASMANIAN SG end
