TASMANIAN SG 4.0
WARNING: do not edit this manually
localpolynomial
2 1 1 1
localp
1 2 5 0 0 0 1 0 2 1 0 2 0
1  -5.04818748962029986e+02 -7.52064077823035859e-01 2.73507600768596149e-01 -7.52064077898012329e-01 2.73507600778486903e-01
0
0
1 0
0 4 4 4 4 4
3 4 1 2
1 5 1 -5.04818748962029986e+02 -5.05570813039853022e+02 -5.04545241361261390e+02 -5.05570813039927998e+02 -5.04545241361251499e+02
custom
2.00000000000000011e-01 3.00000000000000000e+00
2.00000000000000011e-01 3.00000000000000000e+00
TASMANIAN SG end
