TASMANIAN SG 4.0
WARNING: do not edit this manually
localpolynomial
2 1 1 1
localp
1 2 5 0 0 0 1 0 2 1 0 2 0
1  -5.40769812014556464e+02 -5.86609985959967162e-01 2.21539748428995154e-01 -5.86609986018402196e-01 2.21539748437749040e-01
0
0
1 0
0 4 4 4 4 4
3 4 1 2
1 5 1 -5.40769812014556464e+02 -5.41356422000516432e+02 -5.40548272266127469e+02 -5.41356422000574867e+02 -5.40548272266118715e+02
custom
2.00000000000000011e-01 3.00000000000000000e+00
2.00000000000000011e-01 3.00000000000000000e+00
TASMANIAN SG end
