TASMANIAN SG 4.0
WARNING: do not edit this manually
localpolynomial
2 1 1 1
localp
1 2 5 0 0 0 1 0 2 1 0 2 0
1  -6.10921029903001227e+02 -2.78376954615396244e-01 1.16305640165137447e-01 -2.78376954643022145e-01 1.16305640170708102e-01
0
0
1 0
0 4 4 4 4 4
3 4 1 2
1 5 1 -6.10921029903001227e+02 -6.11199406857616623e+02 -6.10804724262836089e+02 -6.11199406857644249e+02 -6.10804724262830518e+02
custom
2.00000000000000011e-01 3.00000000000000000e+00
2.00000000000000011e-01 3.00000000000000000e+00
TASMANIAN SG end
