TASMANIAN SG 4.0
WARNING: do not edit this manually
localpolynomial
2 1 1 1
localp
1 2 5 0 0 0 1 0 2 1 0 2 0
1  -5.92524707209075132e+02 -3.56893524817223806e-01 1.44440506977844052e-01 -3.56893524852694100e-01 1.44440506984437889e-01
0
0
1 0
0 4 4 4 4 4
3 4 1 2
1 5 1 -5.92524707209075132e+02 -5.92881600733892355e+02 -5.92380266702097288e+02 -5.92881600733927826e+02 -5.92380266702090694e+02
custom
2.00000000000000011e-01 3.00000000000000000e+00
2.00000000000000011e-01 3.00000000000000000e+00
TASMANIAN SG end
